0 2 2 0 3 28 0 0 0
1 2 1 0 2 24 0 0 0
2 1 3 0 3 24 8 0 0
3 3 4 1 5 16 16 24 16
4 10 3 2 5 16 16 16 24
5 6 5 2 4 24 24 0 0
6 1 2 0 6 12 8 8 24
7 5 3 1 8 8 28 28 8
8 7 2 2 6 16 30 16 0
9 3 6 2 6 24 12 24 0
10 7 6 3 4 24 12 0 0
11 2 3 0 7 28 8 28 0
12 4 2 0 6 28 14 0 0
13 4 2 1 4 16 16 24 0
14 3 3 1 4 30 0 0 0
15 5 4 1 5 8 28 8 0
16 8 6 36 6 4 28 24 0
17 2 1 0 6 8 24 12 8
18 1 4 1 7 4 31 4 0
19 1 5 1 5 18 30 0 0
20 7 1 1 5 31 0 0 0
21 2 3 1 5 14 24 0 0
22 10 5 3 6 24 24 16 16
23 10 4 3 5 4 12 24 0
24 2 2 0 5 24 24 8 0
25 2 2 0 4 28 8 0 0
26 1 2 0 5 24 16 24 0
