40
0 3 4 1 4 24 24 0 0
1 3 4 1 4 24 24 0 0
2 3 4 1 4 24 24 0 0
3 3 4 1 4 24 24 0 0
4 3 4 1 4 24 24 0 0
5 3 4 1 4 24 24 0 0
6 3 4 1 4 24 24 0 0
7 3 4 1 4 24 24 0 0
8 3 4 1 4 24 24 0 0
9 3 4 1 4 24 24 0 0
10 3 4 1 4 24 24 0 0
11 3 4 1 4 24 24 0 0
12 3 4 1 4 24 24 0 0
13 3 4 1 4 24 24 0 0
14 3 4 1 4 24 24 0 0
15 3 4 1 4 24 24 0 0
16 3 4 1 4 24 24 0 0
17 3 4 1 4 24 24 0 0
18 3 4 1 4 24 24 0 0
19 3 4 1 4 24 24 0 0
20 2 2 0 4 24 24 0 0
21 2 2 0 4 24 24 0 0
22 2 2 0 4 24 24 0 0
23 2 2 0 4 24 24 0 0
24 2 2 0 4 24 24 0 0
25 2 2 0 4 24 24 0 0
26 2 2 0 4 24 24 0 0
27 2 2 0 4 24 24 0 0
28 2 2 0 4 24 24 0 0
29 2 2 0 4 24 24 0 0
30 2 2 0 4 24 24 0 0
31 2 2 0 4 24 24 0 0
32 2 2 0 4 24 24 0 0
33 2 2 0 4 24 24 0 0
34 2 2 0 4 24 24 0 0
35 2 2 0 4 24 24 0 0
36 2 2 0 4 24 24 0 0
37 2 2 0 4 24 24 0 0
38 2 2 0 4 24 24 0 0
39 2 2 0 4 24 24 0 0